📩 [WEBSOCKET] Mensagem recebida - ML completo:
{
  "tag": "message",
  "attrs": {
    "from": "5516988775342@s.whatsapp.net",
    "type": "text",
    "id": "A580A9FAB2355A28CF4773BBE22C5F46",
    "offline": "6",
    "verified_name": "1742237275369585744",
    "verified_level": "unknown",
    "category": "peer",
    "t": "1759277970"
  },
  "content": [
    {
      "tag": "meta",
      "attrs": {
        "appdata": "default"
      }
    },
    {
      "tag": "verified_name",
      "attrs": {
        "v": "1",
        "verified_level": "unknown"
      },
      "content": {
        "type": "Buffer",
        "data": [
          10,
          49,
          8,
          208,
          248,
          228,
          198,
          163,
          242,
          234,
          150,
          24,
          18,
          6,
          115,
          109,
          98,
          58,
          119,
          97,
          34,
          29,
          70,
          108,
          121,
          32,
          67,
          111,
          109,
          117,
          110,
          105,
          99,
          97,
          195,
          167,
          195,
          163,
          111,
          32,
          101,
          32,
          77,
          97,
          114,
          107,
          101,
          116,
          105,
          110,
          103,
          18,
          64,
          100,
          184,
          164,
          99,
          31,
          12,
          60,
          234,
          52,
          147,
          52,
          201,
          31,
          187,
          68,
          209,
          228,
          31,
          11,
          86,
          13,
          236,
          5,
          169,
          25,
          194,
          63,
          57,
          190,
          153,
          151,
          207,
          158,
          45,
          69,
          156,
          16,
          224,
          72,
          247,
          161,
          19,
          46,
          227,
          206,
          35,
          229,
          162,
          75,
          175,
          228,
          245,
          3,
          254,
          163,
          167,
          59,
          57,
          101,
          0,
          183,
          147,
          195,
          2
        ]
      }
    },
    {
      "tag": "enc",
      "attrs": {
        "v": "2",
        "type": "pkmsg"
      },
      "content": {
        "type": "Buffer",
        "data": [
          51,
          18,
          33,
          5,
          84,
          201,
          161,
          220,
          72,
          151,
          81,
          121,
          164,
          32,
          126,
          3,
          58,
          221,
          251,
          17,
          218,
          44,
          10,
          213,
          111,
          151,
          173,
          219,
          31,
          184,
          92,
          95,
          14,
          239,
          188,
          46,
          26,
          33,
          5,
          20,
          187,
          212,
          210,
          215,
          159,
          74,
          169,
          103,
          170,
          171,
          66,
          111,
          85,
          115,
          60,
          140,
          65,
          105,
          163,
          151,
          110,
          17,
          62,
          145,
          3,
          123,
          145,
          55,
          255,
          246,
          70,
          34,
          227,
          3,
          51,
          10,
          33,
          5,
          180,
          104,
          118,
          115,
          136,
          193,
          120,
          140,
          230,
          204,
          16,
          132,
          162,
          119,
          67,
          217,
          225,
          231,
          145,
          36,
          77,
          219,
          140,
          225,
          59,
          169,
          141,
          136,
          2,
          155,
          143,
          77,
          16,
          3,
          24,
          0,
          34,
          176,
          3,
          91,
          249,
          51,
          147,
          159,
          84,
          125,
          152,
          102,
          118,
          157,
          162,
          5,
          163,
          15,
          10,
          33,
          126,
          102,
          29,
          229,
          111,
          82,
          28,
          190,
          123,
          104,
          164,
          17,
          175,
          225,
          151,
          185,
          41,
          6,
          187,
          202,
          53,
          169,
          146,
          126,
          51,
          203,
          225,
          113,
          38,
          8,
          35,
          31,
          192,
          235,
          79,
          46,
          177,
          71,
          167,
          125,
          250,
          235,
          121,
          215,
          217,
          82,
          175,
          243,
          30,
          36,
          0,
          180,
          117,
          114,
          239,
          240,
          56,
          171,
          88,
          178,
          135,
          163,
          231,
          86,
          178,
          77,
          36,
          109,
          144,
          21,
          97,
          224,
          33,
          170,
          237,
          99,
          213,
          162,
          43,
          25,
          205,
          254,
          252,
          132,
          237,
          121,
          124,
          97,
          123,
          192,
          24,
          179,
          46,
          164,
          236,
          188,
          110,
          84,
          99,
          201,
          99,
          238,
          189,
          214,
          116,
          53,
          2,
          203,
          123,
          74,
          51,
          175,
          182,
          161,
          214,
          1,
          242,
          214,
          144,
          181,
          217,
          147,
          167,
          147,
          237,
          238,
          153,
          177,
          246,
          162,
          42,
          171,
          173,
          17,
          167,
          60,
          251,
          189,
          73,
          141,
          48,
          254,
          36,
          167,
          51,
          107,
          147,
          228,
          22,
          82,
          229,
          20,
          156,
          37,
          66,
          211,
          120,
          135,
          231,
          10,
          100,
          167,
          114,
          173,
          65,
          29,
          232,
          129,
          246,
          23,
          15,
          248,
          9,
          133,
          86,
          146,
          47,
          131,
          114,
          244,
          173,
          33,
          138,
          253,
          173,
          125,
          120,
          149,
          112,
          135,
          238,
          90,
          145,
          234,
          58,
          91,
          204,
          65,
          99,
          135,
          87,
          22,
          187,
          105,
          251,
          8,
          53,
          75,
          112,
          234,
          6,
          15,
          226,
          132,
          163,
          254,
          110,
          140,
          130,
          75,
          176,
          78,
          98,
          184,
          177,
          38,
          137,
          107,
          36,
          8,
          247,
          126,
          64,
          202,
          87,
          92,
          77,
          144,
          41,
          8,
          180,
          76,
          53,
          41,
          143,
          114,
          221,
          22,
          54,
          110,
          70,
          145,
          110,
          101,
          39,
          1,
          51,
          241,
          231,
          246,
          58,
          53,
          184,
          73,
          110,
          69,
          130,
          56,
          112,
          89,
          54,
          92,
          155,
          100,
          56,
          87,
          249,
          192,
          140,
          117,
          93,
          38,
          93,
          223,
          241,
          116,
          216,
          31,
          229,
          212,
          45,
          131,
          170,
          252,
          38,
          176,
          223,
          21,
          220,
          132,
          77,
          117,
          173,
          116,
          179,
          237,
          53,
          241,
          113,
          89,
          56,
          208,
          26,
          195,
          110,
          4,
          50,
          237,
          153,
          26,
          188,
          93,
          49,
          66,
          140,
          172,
          1,
          45,
          67,
          190,
          94,
          68,
          231,
          84,
          203,
          39,
          152,
          89,
          16,
          75,
          102,
          33,
          143,
          241,
          171,
          167,
          228,
          109,
          132,
          16,
          51,
          106,
          130,
          21,
          134,
          79,
          64,
          35,
          50,
          228,
          155,
          166,
          40,
          109,
          223,
          233,
          143,
          19,
          33,
          7,
          80,
          96,
          137,
          198,
          178,
          85,
          174,
          63,
          14,
          178,
          204,
          117,
          129,
          131,
          124,
          63,
          191,
          101,
          101,
          126,
          238,
          115,
          15,
          113,
          188,
          159,
          103,
          246,
          156,
          169,
          150,
          213,
          136,
          168,
          91,
          23,
          155,
          12,
          55,
          81,
          20,
          229,
          47,
          34,
          239,
          107,
          130,
          68,
          114,
          163,
          110,
          37,
          158,
          40,
          154,
          188,
          238,
          225,
          5,
          48,
          1
        ]
      }
    }
  ]
}
📨 Dados recebidos: 42 bytes